
shelf数据集3Dpose 例子
x: tensor([[ 0.2332, -0.0805, -0.0063],
        [ 0.2131, -0.0383,  0.3747],
        [ 0.2105, -0.0637,  0.7430],
        [ 0.0443, -0.0942,  0.6815],
        [ 0.0218, -0.1121,  0.3880],
        [ 0.0781, -0.2248, -0.0581],
        [ 0.2886, -0.0247,  0.8366],
        [ 0.3167, -0.0532,  1.0563],
        [ 0.2469, -0.0494,  1.3293],
        [-0.0715, -0.0543,  1.2824],
        [-0.1412, -0.1158,  1.0281],
        [-0.0565, -0.0256,  0.8029],
        [ 0.0734,  0.0135,  1.4338],
        [ 0.0797,  0.0956,  1.5859]], dtype=torch.float64)

Shelf 经验证的投影矩阵：/home/tww/Downloads/Projects/Shelf/pose.json